	-748.336021664	-957.940069205	330.387112096	-118.239486704	595.875105781	1750.14635811	863.409501145	32.7248315855	110.520613583	1884.73162688	1357.39879582	328.682354904;
	-1245.87088765	-33.921263257	7.28280159687	212.010705866	798.854994863	1166.84015393	-375.259617538	806.455012847	-874.549074853	1260.6850503	-28.6349894907	238.598308799;
	-1370.54112799	419.410653999	1.68432869111	17.5253705095	340.099316406	242.24747513	679.670281305	156.672204076	907.334509757	1954.4394304	-846.184584769	1408.24591341;
	-1978.45228318	-1119.40913912	1021.29791067	514.679683703	597.065557194	1351.89464181	1445.27120811	400.560339223	606.204160002	2802.68611463	706.307566448	965.208483212;
	-1485.44986454	433.189956175	-1129.36729215	-450.36701045	1337.94199642	749.255696267	325.876386168	1235.7960498	-362.435341123	2224.26033984	-907.682097832	230.082678952;
	-1760.87391413	637.125863555	-358.024247617	325.728540079	1042.32075446	839.427787026	8.10462253644	1038.72094471	-330.96252905	2100.80046511	-736.573762045	715.720625661;
	-1086.54619177	-19.0517753766	-835.604392116	-690.4687229	892.738914939	674.454738486	920.921861386	515.305136804	171.1469363	2031.00283452	-544.193898506	755.646944477;
	-1235.34880713	-141.790137034	-208.984589031	-515.915035851	1097.12329684	1118.62419419	939.040380235	251.858123316	193.667180347	2311.58679279	702.385057625	491.729042618;
	-1545.02973452	299.404081773	-360.029988405	232.926178948	1477.07484164	1166.48929769	147.541998291	1009.29899385	-1164.11613256	2013.68246827	489.440765156	-239.107545113;
	-1171.49684461	477.90693952	-868.078534312	-317.838370586	1546.99695128	1253.4466188	-102.750476218	777.307810828	-695.056086434	1591.67937165	-138.937673582	416.35450166;
	1674.62231965	-1811.60459648	820.08242067	-481.539066928	-1345.45494858	1683.03123211	-104.769905765	-611.399356012	802.022580762	-1836.29946573	33.0999813814	1.43581643559;
	81.5036943004	-1343.68250673	-96.4373052746	-66.8568912286	-824.067107782	1960.66608919	-314.979824766	-1233.76108166	486.942000797	-566.36781615	922.178945717	68.5604834852;
	1523.47025557	-1793.87646818	1018.0136254	-391.171608155	-1077.04327146	2029.66158609	-143.325795474	-816.231384652	262.547521051	-1781.45431017	114.119451429	-290.768122282;
	1386.99468555	-1278.65669308	566.834603169	-822.659597555	-817.833236791	1927.20450677	-382.685772825	-460.598059832	95.8146738319	-1875.88049285	301.923982483	-726.438435705;
	1219.99271213	-1077.48930721	446.067037708	-805.516368738	-912.704310636	1620.73698387	-524.242478295	-448.292544203	246.652874011	-1777.27733882	146.735907374	-504.813901733;
	1157.14199264	-1960.57321586	502.543599018	-782.823475944	-983.369341948	2615.19175097	-539.263890527	-1344.47695761	397.093901025	-1488.90944762	577.017628903	15.375170967;
	2058.9938178	-1524.57016128	293.631646407	-1601.6490349	-625.947374449	3134.58533778	-457.539436557	-528.763823201	-8.79330362111	-2144.92804655	-118.603392809	-644.71590551;
	2022.83794494	-1307.7056934	-30.3401451012	-1767.30741915	-475.051484547	2743.12722303	-467.071161005	-231.704690364	-306.317467607	-2112.1237606	198.132415355	-1042.62384823;
	1651.65644313	-2006.03061591	470.35623156	-1196.19718123	-906.308937723	2900.4462814	-467.345557621	-742.115553027	93.0576065452	-1844.04206071	251.16640272	-232.505748496;
	1171.63609284	-1607.33241289	177.455137333	-971.171266239	-1332.43991204	1858.79225327	-439.985045076	-1124.17987999	686.022382541	-1474.98667813	793.727955611	98.5825631478;
	-72.4291815259	-190.614701857	503.526046091	7.83678955104	-34.4845474307	353.498073005	-361.201605316	-234.823840261	323.716514792	-63.197280788	2071.63433869	-212.421621623;
	211.347139847	162.541237819	356.929991521	110.237396386	-310.574115562	224.450892706	-981.244142295	-540.250645598	420.464497131	-700.085315889	1720.16603619	30.6873164909;
	-669.83785153	-458.465804244	525.346340069	-338.678923646	-652.127602353	198.256732139	546.137939323	-236.392337151	396.444229439	517.186994055	1930.39384815	-327.207652701;
	-854.300345023	-411.831162079	411.309752959	193.458836461	-67.2688661638	317.091857633	43.9235004651	38.0734291698	400.941074203	674.126760657	2188.9257358	-89.961422844;
	-1361.56136653	-208.465741744	-43.1823794918	154.518096097	308.119262719	-198.217412571	233.18488257	498.121612259	-178.70745997	1523.79726818	2041.49360825	364.195408262;
	-1082.64903261	-353.927279608	-249.466817388	3.82915292105	181.322110384	-68.1494614628	5.24883580775	485.266505917	-491.819864488	1245.50233294	2001.26971569	337.197262309;
	-101.128114213	-460.189182446	467.507259611	-70.1130439087	-470.693118859	573.164356066	-271.19091195	-601.598117081	692.149153554	-104.049046514	1838.66408811	-61.2180916181;
	-225.442667284	232.462723688	119.712429435	243.059041981	-310.471295723	218.18564988	-1273.18038803	-409.999487692	-143.348764861	-469.404298069	1821.26432676	188.251458717;
	-419.314171968	536.842958572	92.5481270856	320.462310573	-176.059451157	60.6340283384	-1367.32324884	47.2749444661	-460.282731664	-326.84897283	1494.89177937	292.218951547;
	-883.167134403	136.170581191	304.212815232	459.53520177	-145.892245445	-85.6769414545	-530.198313422	6.18242077247	160.240466342	482.882016225	2085.68039892	389.775463755;
	-1493.26138973	-1497.11467718	61.0957141552	754.321099517	-484.931093682	944.742096146	420.169420313	-748.794624759	356.374381152	1628.98945997	283.758978041	693.763487724;
	-1114.23289754	-1685.12774675	217.232979329	718.36001808	-935.454186397	656.798934585	45.8081520822	-1223.49255879	433.31060375	638.404938893	91.6061539663	585.011445594;
	-1433.65633061	-1503.81266381	485.988512676	1465.32494047	-861.594365592	-189.56480984	543.918918811	-885.61008405	236.51260391	838.695262232	-192.280641524	242.731377417;
	-1609.0877946	-1224.62355825	262.050810034	1455.08989799	-630.341465629	-17.7762519451	568.575307649	-567.404688974	426.33509675	1018.95931405	-396.202672436	627.590057856;
	-1337.38318186	-1450.71160987	762.775810368	1718.76269742	-988.575637418	-365.346568481	475.331823295	-1073.93541336	842.192666134	738.158473695	-325.875250709	966.255525524;
	-1095.94767658	-1542.1884366	709.596726138	1381.69505985	-928.596727548	170.316752383	149.784048913	-705.554890839	425.495827312	409.044446325	-425.05172816	95.5395117497;
	-1187.22135721	-1050.57180815	-544.971297158	555.284997533	-283.190676143	786.968305712	175.648339529	-523.097787912	-367.53220254	1053.93919154	-109.039022522	87.6940135033;
	-1199.91626401	-1378.70512728	483.413133131	1511.5760619	-786.034797032	-329.621032119	440.467353753	-1041.20477781	238.966538262	571.02131232	-364.607751678	319.10555376;
	-1298.50870319	-1479.76766956	238.340557332	676.159031801	-972.630284651	704.843677957	4.86925382082	-1196.86896339	655.453688126	1049.81337273	183.264685304	1131.37621186;
	-1137.18990837	-1783.2526018	278.383727071	718.951061634	-1022.48254542	873.666606476	-40.0139755753	-1242.77343884	770.949414101	615.433073874	23.9272064034	925.335681364;
	-1794.61748466	-389.082326974	-378.656219678	1531.90941312	-122.418474485	-760.329111625	577.712318548	-405.925097232	787.432441	1795.90858107	-785.245615551	1460.38926269;
	-1594.91984724	-365.441847321	-521.778118983	1057.37084409	-87.0396496224	-288.233739342	317.354069926	-373.089340925	646.917931164	1649.21241524	-556.086521871	1468.77407458;
	-1818.3265603	-431.148555343	-6.48843454162	1758.74218183	-231.222049886	-932.061604638	564.65256738	-364.771471643	878.158704416	1699.66802826	-1014.01708022	1502.81290878;
	-2096.72891229	-216.273647455	-623.600543668	780.243072462	261.338189567	-597.79660093	896.592577357	123.330364144	868.450622307	2141.34437202	-859.373611559	1236.73103315;
	-2035.14250554	-107.662588777	-738.992250213	779.44872577	330.452586252	-724.673007415	797.529607801	80.3868480378	680.304202313	1902.18498389	-878.74921383	951.921937199;
	-1601.64467505	-420.02590357	-498.321777961	1083.28548051	39.4405363171	-308.627886794	206.453301558	-339.43844228	686.868622536	1659.55397769	-649.246967095	1403.70788651;
	-1789.8651996	-276.874660649	-440.551039348	1015.28563763	-59.0998387161	-307.993135171	-286.271724314	89.486555084	259.862016551	1080.25619523	-1042.02590653	1118.74674868;
	-1659.74722526	-306.998606434	-1076.41704424	1065.76427372	51.4710595386	-91.2459546349	306.059137148	-444.417014555	615.016728392	1826.13042885	-704.213224577	1346.35104765;
	-1648.10648465	-325.743241891	-1144.03304834	1062.62701623	-64.7929314399	-82.4906842818	290.739046066	-445.58527189	634.797230223	1821.20317255	-632.812309992	1310.78789101;
	-1470.24971701	-258.784395263	-667.57659463	943.34704625	-171.368471274	-236.248416327	-153.390705976	-250.614883514	207.22281063	1041.29348632	-714.151062319	1119.52741904;
	-2053.58698307	879.292065647	-398.465621639	1515.69822131	452.77166893	-1439.83413276	-128.732236579	1256.79541237	-626.325092425	1856.11642805	472.363705707	351.503107052;
	-1220.82631656	493.085768607	-700.686472297	1328.10250671	-29.6574550726	-1083.66650342	-570.221925105	1404.53707631	-809.461472715	606.270603199	924.60391091	-682.815228982;
	-1887.21509836	918.4407415	-421.474384977	1537.28698409	223.132073912	-1471.49810456	-140.940835417	1132.74523353	-906.938775283	1587.40617309	395.631937504	336.421000335;
	-1955.22397501	840.758609915	-311.711933097	1539.64014126	283.121075554	-1504.00459236	-212.154197493	1209.16421004	-942.358540331	1654.21294553	288.225436819	320.328350808;
	-2212.61236615	595.52124049	-273.569927484	1601.46477415	310.643043015	-1374.84529542	-233.921631486	1216.18907378	-568.558959892	1832.07505063	554.124559054	475.112400434;
	-2109.61329533	1017.63568344	-171.933921139	1660.49495434	469.068226311	-1969.33094444	-115.386597516	1412.35718542	-636.5814548	1607.21631516	228.460270158	290.370518028;
	-1712.67339377	334.96741554	-358.366979294	1193.79387634	128.572654313	-874.158683477	-584.264184849	901.733533667	-1115.7607112	1105.96012023	1450.94707603	-60.5512023065;
	-2114.33311502	395.228252671	-35.8086111701	1216.40472791	226.748752527	-1262.97880341	187.487018223	1002.38688283	-532.847681252	1506.9720838	1326.26725143	-106.517413451;
	-1890.33217475	16.3029050383	-304.769793498	1031.49591681	-28.016934322	-965.292387116	105.665898743	824.336250569	-552.500112274	1527.96436474	1483.69615295	-167.90952865;
	-1185.98037074	270.636921799	-228.056967197	1175.15891206	-216.7546774	-697.958628094	-587.132062335	533.422068558	-1036.70087652	360.460856169	1453.94881831	-301.543960957;
	11.5872963896	512.226147695	187.018902927	-616.250826636	771.257735655	151.662637772	-92.5140539284	1293.66957298	-708.921643168	410.545638072	871.004089404	-597.658513915;
	749.211458366	290.038778437	141.692439429	-8.41581099469	-557.89546233	-519.93043872	546.057678393	-346.361685672	760.783714718	-442.175062269	-918.265630065	209.902963551;
	819.447975247	327.741605344	132.220027091	-220.501580704	-373.551474504	-225.947961158	535.891816803	-172.14696675	810.612012494	-253.601973599	-790.808289714	258.541276256;
	34.8564173161	556.920322704	206.934149224	-585.950213457	603.384536618	207.176361648	-126.195461764	1188.45687832	-706.955380655	363.090266355	1033.86457183	-654.428962727;
	139.474654695	493.204271719	284.53140439	-599.486084261	642.504253846	68.6348694647	-294.978620023	1029.43604455	-761.102154323	0.0231922745387	829.848876571	-665.244953828;
	702.524387755	310.932272377	109.135882896	-50.9799216054	-471.669457975	-307.289963634	499.534354741	-66.5638621626	644.73878423	-308.748621998	-625.688492395	126.891798705;
	-320.353580956	403.875705226	159.983985985	-586.273608426	707.487812823	4.86762896655	-13.8282181407	1213.29924048	-434.431982533	662.272878797	946.19816656	-424.063092868;
	228.131103918	389.049535014	255.347039283	262.631958354	-537.3959437	-611.060312305	560.860675867	-173.229967931	769.063445939	-167.449354536	-696.834009027	404.535190422;
	600.675453811	983.161341686	552.144244028	-483.148493013	650.913123633	192.356045173	242.256893654	979.122467974	-513.59977475	51.4508248776	500.413069923	-928.645829582;
	159.99441734	752.59865489	138.589585913	175.375189342	-283.839659648	-613.898117331	503.539761158	207.529354218	611.114805853	-76.790031355	-714.744872853	66.248540203;
	-286.87118926	1010.22023834	-420.041722076	-377.386662492	1426.96523287	-370.947547262	483.529442368	1383.94606093	-1121.65391016	1438.37483475	1783.04598374	-1103.94047956;
	69.5269309694	-422.574479693	307.246567806	-242.815333445	-235.122033154	1047.62964526	357.15886634	-339.81004893	-16.3980689808	612.2170799	1050.4797978	-83.894117649;
	-370.294452196	222.190401738	53.3786473685	-414.39461776	641.735491386	886.088777495	466.454642945	273.667024571	-529.527100628	1076.45707409	1034.59565206	-127.155573185;
	-633.434527984	94.0602086131	233.471046671	-73.691882029	447.094709135	770.407712448	667.775065288	52.4230824754	-260.14189954	1495.44601656	837.980092692	269.170734092;
	-1943.79524469	1070.01481709	-575.94086488	668.623985921	1305.18699121	-74.8327475696	338.707893477	924.288054859	-877.751702777	2814.37305224	118.380556069	890.471826492;
	-1942.19349524	851.656541388	-767.720894616	564.99388986	1112.02789786	4.45901172466	220.757796958	926.929049955	-1091.48574794	2451.71271735	141.765919354	741.216774118;
	169.154045	1324.45823061	88.9587079751	-614.7652035	1375.32878573	-0.0117548107683	526.974462379	1463.50088024	-1094.15622167	1166.64314383	1119.57561947	-807.919892464;
	-630.45121213	403.817072892	185.754866747	-607.539755735	772.428577792	883.370424141	-135.023934398	440.312500866	-560.184337078	678.026960882	546.848892459	129.236205907;
	-1054.28677064	67.0335964885	-287.471195124	-435.399702387	344.471236979	313.937089692	315.218645589	117.978569239	82.5011252892	1489.30074845	636.702724566	709.054505968;
	-631.153476017	214.747512673	-347.382566218	-697.300062831	947.885062338	468.664043482	509.153533974	396.111546735	95.1833667787	1734.22382012	904.85245968	428.406409259;
	-616.475869995	206.115374402	-246.541622756	28.2685291102	478.124105392	235.757911628	-976.681356191	668.772088752	-1048.19085357	-40.5787275707	746.035077419	-855.05479816;
	1429.43452424	-265.873147947	-1055.09044677	-1595.13691286	480.938161371	1957.58897447	-762.942653433	39.5872708383	-981.888008235	-839.988294056	617.291060734	-1031.85660188;
	5.99715381832	46.7395433506	-34.9467452191	-105.207826079	314.303816358	776.378479206	-1046.49762511	570.8492976	-1033.0271659	-547.42595031	426.133623925	-991.689572479;
	429.621260263	-811.586272418	719.518213195	387.788154667	-697.849942958	626.758175022	-787.257884134	-628.982154271	111.117240093	-601.27311309	607.182404001	-59.4488778823;
	702.951148474	-895.735528773	682.455115668	212.753899063	-772.068651633	751.132977457	-793.176198038	-772.252928142	185.387383962	-821.553776473	591.261172094	-11.3510243534;
	-395.02514625	195.324340969	-95.7109568114	63.0860454084	619.708679509	478.165945883	-1008.83193991	693.094467865	-1045.68778224	-212.092354246	690.273353965	-880.438147434;
	1552.87366021	-541.491614974	-540.940142413	-1388.03992987	92.1090161871	2143.89055923	-668.959777023	-65.3766663591	-918.718956385	-952.721703177	714.452565777	-940.805294968;
	1217.76826629	-387.85512639	-1037.29931946	-1416.97949613	439.939174733	1902.2419229	-733.713944106	184.02437545	-1086.76972995	-763.891475721	602.271575319	-1240.22459555;
	1659.27434445	-712.794970992	-19.3468282354	-1108.45536893	353.651375775	2084.32709769	-686.054952915	-1.57198249023	-888.294380439	-968.890560588	702.295177577	-902.637600708;
	1485.85029175	-480.431385261	-656.734746482	-1326.45776841	163.768253918	1986.87050601	-863.058890255	8.43639361265	-793.982611498	-926.721913343	534.001085463	-876.678746958;
	-1150.9972748	-149.913851244	-665.251577729	350.982025481	142.734717489	307.297633095	-713.444583652	-174.735804788	188.456075934	709.697696223	-1230.24925533	1013.28657061;
	-968.930192763	-1027.31060688	-224.92111385	230.646023985	-473.527883316	846.370544041	385.073420093	-959.806585251	869.53166156	1131.09533136	-897.239791666	1493.13000711;
	-1030.76673889	22.6267214357	-376.842905075	667.413368649	124.48740015	-209.236937092	-253.559014552	-433.03270125	257.406349259	610.421502634	-1362.35872034	1089.42306086;
	-1318.65115057	-500.810945292	-517.804550617	620.836988721	-449.701058814	-121.20645364	451.357367475	-613.959636575	1219.45780316	1402.784879	-966.277552906	1544.14610175;
	-1290.29716946	183.049739696	-268.481711899	941.884809303	327.168797409	-486.20279061	-54.7629045189	-134.378140951	162.765915943	864.870574555	-1219.60003889	909.034060997;
	-959.474551835	-299.62343412	-44.4167635329	494.863897227	-94.0772972679	-55.5502123593	372.033288584	-932.016533152	706.586859448	1103.02754037	-1143.92789328	1292.63448423;
	-1073.58905298	-588.160780948	-428.26917856	379.945366904	-169.963136039	524.290811243	222.482382944	-628.275703207	903.246162959	1581.80974919	-641.491598889	1387.63811862;
	-1417.12939902	-280.054243114	-581.941628047	566.108174356	116.841962085	342.568495369	-79.1125360539	-464.1684525	610.06712103	1244.21953937	-804.730849136	1248.44859452;
	-1135.00595864	-459.293473674	-266.977276612	447.973380951	-312.359872734	-11.6293494946	392.181447059	-779.130828225	1138.18383478	1423.50388328	-895.133395253	1626.11546063;
	-1040.75642922	-486.758031516	-543.530818522	375.546914962	-42.4594099116	549.915543357	-180.093133798	-871.06089273	393.798182876	794.000279893	-881.758158819	1243.14251982;
	-1590.99340282	203.850091642	-254.689185846	542.335238171	487.947285763	-311.876732143	102.384549106	755.031412438	-430.732462294	2127.21693291	1322.00186016	260.186208999;
	-1870.99071365	-210.158153329	-292.144235939	626.709024755	186.230181404	-405.696879071	139.434068323	409.01215954	-39.0130917329	1968.18792918	1434.31496698	470.852833433;
	-1692.35860685	229.383742766	-499.441269755	520.86177154	521.788560935	-561.521533477	76.6929912495	738.164077989	-519.899957877	2269.38387447	1150.09623364	521.277445954;
	-1863.11357896	473.44648942	-577.183093337	491.755179698	673.878904254	-630.969752906	28.7523910884	958.091050051	-486.843609091	2635.89883282	894.787749289	663.807901794;
	-1852.9994813	-59.2130736703	-318.773514832	-149.364503349	560.52597007	11.160143097	413.004390398	1142.72990288	-185.226159633	2427.23882567	1272.77015828	383.253863535;
	-1884.24304293	-95.4537702171	-121.484536569	-79.6617961004	538.212376951	148.214854482	496.728381268	1127.94714514	-225.962442643	2488.08928803	1345.22391138	403.710581962;
	-2088.44107905	258.655632957	-566.54915335	602.970623831	505.567508785	-971.60044749	-7.2795333758	716.268684349	-201.507940648	2234.87424037	1133.13112352	681.786345672;
	-1884.0831879	-207.700273463	-520.110660233	-1.64716940483	530.598623683	-98.1384256864	526.122227014	841.491252216	173.910137065	2470.67871742	1456.61751831	838.569799367;
	-1799.53603752	-77.2362276394	-184.79047164	116.141731698	814.431627036	81.2355413702	584.187180405	1121.98143118	-237.645115503	2633.49789812	1284.21629666	511.468808931;
	-1115.74622415	-391.041497793	192.799666365	353.667153358	288.445525507	772.274895402	509.940853824	712.50569533	-737.607490291	1352.02602369	1489.844158	-238.176159414;
	-743.645825543	403.24104824	926.619767989	20.1504341478	852.676583673	557.477685283	367.149203302	902.675551353	-1042.02687883	1122.15330891	859.053274467	-627.215348067;
	-831.099585448	-23.9935000983	1049.85977149	558.080174401	662.256373273	428.328236449	458.224476978	568.24314135	-404.401744233	1560.51023807	790.778475886	8.55301247029;
	-792.933027224	56.3088706432	1188.74128906	56.2852904486	612.493611422	648.79528255	395.255430438	408.624208013	-524.972804923	1150.15437845	1401.76633132	-172.861697528;
	-899.101089779	161.726753888	1120.48994625	383.715429058	777.740738686	701.190460855	276.609908164	563.248186104	-681.512622089	1344.4609165	1006.23679318	-272.296367355;
	-854.973968617	105.041839332	1258.42816527	13.5696001963	668.371416646	531.235105444	486.652204472	551.786652897	-562.343286812	1167.41442009	1312.49883641	-205.893649707;
	-778.896904365	42.5946912817	1022.87856488	-11.8582179269	607.049538399	717.593294833	654.359850567	506.920132465	-618.966363155	1243.58468292	1043.37057998	-128.300965637;
	-696.725690195	-152.622042835	922.990419088	56.8517150572	273.862664215	459.563548326	226.649743548	393.421757506	-182.822764453	889.921989026	1303.04542037	178.306580184;
	-1031.58044698	318.958645032	1078.69566495	699.785796225	780.385580153	73.9231162969	455.503416336	794.227770788	-601.827481438	1543.81190136	534.407889859	-228.994008346;
	-918.627171185	292.222392366	1219.65555603	482.035782226	865.005229441	371.646742152	359.177553856	560.467185958	-662.255584681	1386.54292898	815.844021925	-336.229049928;
	-1081.37874838	307.031623953	1261.96153412	313.306892516	299.835036032	-163.558000446	466.499910469	491.981014455	-177.051289868	1325.14871445	870.780640466	361.607708162;
	1799.05504599	598.867546567	-41.4722489444	-991.264196437	737.448016577	-195.915545883	-715.145579331	-379.013197539	-10.716836697	-2105.92769394	-61.4254234528	-928.981741241;
	2044.15591125	723.167689371	-308.472316464	-612.248949242	557.686817746	-143.875399976	-791.223982909	-283.175813215	-229.724198381	-2086.13402542	-73.4769306873	-1027.70953487;
	2146.7522076	662.316381828	-76.8738560285	-937.662839321	743.518328229	-90.2077954293	-533.947618221	-661.594117383	-32.2488767592	-2171.59433386	-124.166726463	-708.10506406;
	1825.20984438	502.083009131	-316.902803917	-600.471866328	642.972587236	-23.9923509977	-557.411820901	-463.24088951	-189.914210783	-1753.0625348	335.353051829	-1067.3993275;
	1393.10176372	492.038448811	-609.725436736	-1341.1656205	977.777128139	338.864241754	-13.9643599842	-25.1528604885	-474.020959384	-1338.59859699	-45.9205413142	-1560.26636237;
	720.840413036	667.425312113	-1454.67813769	-239.082501919	568.427886591	592.874755952	-1395.0678734	-247.200639644	-584.670022456	-1047.52448179	452.173218627	-1220.65031936;
	1417.38526444	482.659341737	-572.850237609	-1361.83262073	1104.9814135	230.373336872	7.50705883173	147.162608681	-536.741453858	-1437.75192637	-233.886199831	-1618.14540352;
	1331.1915814	200.49840238	-1425.43467944	-558.72923037	509.295675608	834.79713879	-1276.06684612	-841.843857753	-379.251955686	-1514.66352658	-15.4412353338	-859.486829933;
	2152.44965103	122.06176752	-1115.30602691	-940.150332706	272.806132312	767.830360444	-996.568617216	-1279.51461898	-308.587896572	-2065.95468119	-247.146221579	-775.588768863;
	1762.65516298	125.701924619	-1593.03638735	-724.864169932	354.132277095	919.416869664	-1205.27034971	-1016.07017604	-245.368285289	-1723.25697228	-373.810676853	-657.342401104;
	1588.12762572	660.243553613	462.936588014	-310.187958169	-157.365923869	-493.589228998	-205.711669991	-46.5223270391	-649.009121775	-1877.78111485	-729.031664803	-852.374951064;
	1307.88671606	346.785060985	-53.7062455681	-631.488411603	-72.0783128287	-194.471382354	-224.460968295	221.664231841	-379.073403212	-1665.34205269	-762.849134709	-760.529373457;
	1424.15971603	338.387110983	379.822584902	-441.214105168	-214.524829941	-534.914003288	163.089215605	-38.2131890438	-163.556885989	-1528.51407892	-492.793960845	-806.067976602;
	1624.75097616	603.830929447	482.154487133	-383.288325297	-299.767226764	-728.850268628	100.197020633	-31.0498486031	-258.044818327	-1703.53810053	-829.165900675	-697.184146315;
	1350.45506241	368.628663205	-89.60176289	-353.560772081	-209.831218647	-297.715730483	-189.089378507	-39.329109592	-513.000688992	-1653.39123979	-833.18454084	-677.336729956;
	1483.73126854	404.413045445	50.3307589829	-530.85721727	-211.76169793	84.9629216743	-343.740554085	-76.8433135648	-572.522265777	-1827.09864762	-955.039882612	-650.770740399;
	1126.86517094	765.233961944	-303.018731278	-442.138884361	-70.0997797365	-375.947447977	-622.30828488	210.558387441	-662.663988611	-1892.49545113	-1000.77500178	-653.300465819;
	1388.66760403	-189.213815988	11.295576883	-772.670161427	-118.356232311	440.671669916	-70.2506928873	-31.8869415579	-210.965089355	-1376.00460921	-521.216346575	-695.838211054;
	1553.45470261	484.277093874	-49.367960569	-936.155334281	276.207313401	-301.650976754	-70.5606054016	442.363312027	-375.030872566	-1651.96888781	-780.91435057	-1108.5703457;
	1439.54468745	858.963102115	-165.561290152	-465.830123732	-64.787986687	-464.499914391	-222.439768394	170.653274303	-581.264156337	-1813.74440592	-1014.66988592	-685.377971994;
	494.174794509	1476.63530957	418.182052751	-115.296250083	484.99881697	-1442.61522309	311.45178121	1107.56791454	-843.961791378	-757.068209407	656.578114962	-1416.74734036;
	31.6592446567	1628.67495485	388.540846555	-7.96494188262	713.232744878	-1830.42213322	526.002928645	1311.5270873	-703.840340264	-193.921499442	541.782684561	-1034.1868602;
	141.126922571	1395.25505365	325.681456835	37.0128615521	533.980786515	-1604.56733029	409.952200386	1229.32683668	-649.759973357	-354.336829054	621.026000745	-1093.84240486;
	645.70743874	1263.73698156	401.745245168	12.6116726061	357.777173289	-1254.08672343	68.5104155997	983.049952006	-780.730631294	-981.60971325	623.537378297	-1515.03214513;
	510.005618514	1024.2975489	-14.1750158246	-191.791231904	637.256289866	-1294.31464504	69.6003975393	1019.55689965	-854.71700613	-598.678905988	838.22622906	-1205.41651529;
	40.1097877147	1513.36781264	236.472375642	-203.779293639	897.009932633	-1491.77965073	610.648227646	1436.16408789	-858.040059908	-112.305964314	448.29332048	-1195.31387663;
	822.888622417	1229.71952166	626.475756912	-236.549150189	482.356171091	-1211.92863945	375.859026524	1075.92231978	-912.385437176	-975.262934738	748.768592976	-1592.94047046;
	862.053231173	1332.09800448	403.28192612	-243.486169357	703.084699314	-1166.39632293	129.462417486	1129.94121249	-825.94199377	-1160.16777021	520.638433922	-1737.35938664;
	534.304565357	1507.67863907	453.132828781	15.3473611365	625.964417963	-1491.5658535	434.646675575	1142.02778171	-790.823461923	-812.323394068	516.518798476	-1519.27979595;
	367.954405903	1384.45645895	515.671509792	-118.595860919	560.342026185	-1522.54891462	540.395294702	1229.14064426	-871.737462275	-642.275983548	635.910496839	-1395.50418525;
	1344.72029867	-1168.66776555	9.51718214334	-654.699910306	-942.603575112	1273.01845987	-521.599098346	-1714.76899313	652.243763804	-1510.9266057	-451.181208306	712.209563295;
	876.264018711	-1288.1239793	-365.502210834	-522.281530697	-703.12817378	1329.97860394	-568.376242768	-1313.03632032	473.412682978	-1171.64012051	-151.481818053	381.106767604;
	1302.95813501	-554.796079155	-438.1899405	-854.979910725	-553.886756184	1130.52146264	-1418.19568675	-905.4133783	-343.63170245	-2010.60787159	-905.599280062	149.832772236;
	1819.46156339	-35.9455051776	156.9427932	-1212.46415071	-651.767070352	220.478950706	-503.157195138	-849.687507935	287.257107939	-1911.08257541	-864.899987636	338.998227826;
	1399.63687358	-289.52303033	-351.714492891	-1042.99278048	-627.529426866	19.2590253439	-470.461943823	-1099.15074695	589.954012899	-1497.88523242	-753.718240206	480.027019316;
	1772.61889057	47.9931057505	50.3586374891	-1286.95010623	-679.399078626	262.457383626	-688.163298613	-593.454546987	43.9390258951	-2015.86644659	-846.388006098	347.706365696;
	1352.17178358	-380.220975408	-370.871990875	-977.052201224	-542.186905519	197.378983797	-440.818048603	-1173.65685251	478.571838548	-1399.33471503	-745.100574739	514.877193173;
	1502.6153116	-417.037610339	146.539177463	-983.457634715	-528.983735107	414.118993309	-329.687423388	-1094.20667183	300.196766823	-1453.8948713	-486.841067542	481.918796677;
	1538.61848311	-555.09294823	-385.509968566	-1038.17851443	-486.12669138	1093.3457135	-1386.29962911	-799.465131383	-444.919622824	-2186.03546301	-981.421767844	20.4410957438;
	1108.88514111	-1099.40597616	-410.989394606	-621.9945076	-932.407796841	1058.70785957	-637.242111685	-1475.90694375	564.337527108	-1281.17632659	-460.61219628	579.120736535;
	921.10931219	169.774319595	695.398744781	-1310.89830369	1180.4845281	953.000858192	990.224268541	723.279767139	-519.772026161	281.910532981	1381.04657167	-1307.06538449;
	1230.25988372	933.172917154	43.7109875675	-1373.17785818	1701.228661	439.380970804	382.695532735	1273.37130956	-1274.08632549	-406.719244588	922.582965338	-2380.56609573;
	939.000343369	515.935595631	608.163243315	-1416.09005812	1284.73527785	815.51612224	928.941513697	780.279229874	-584.948257599	228.478773987	1122.63566071	-1411.11991528;
	1235.4722102	636.461697052	-225.472192351	-1597.77606356	1637.1306759	911.543157748	438.947440213	1268.24077594	-1378.37769031	-282.83804096	655.032264364	-2171.99707725;
	689.59477172	951.519221395	-271.732856934	-1377.687267	2056.43885738	628.796363398	273.293181274	1497.90695729	-1575.21371185	99.2586814306	1097.06307494	-2158.96646424;
	158.392999832	221.73131935	865.802907496	-672.916709926	917.386009207	43.7663193532	1086.33528296	673.343507615	160.42139562	580.341648064	1341.00325679	-742.685979071;
	1051.02541251	653.176630428	701.605831288	-1459.17842826	1129.12254757	677.578237664	924.570781672	909.135741513	-390.044380757	186.739232801	1060.61399638	-1314.23170865;
	537.093757168	357.782058059	583.074728155	-1365.70310408	1552.71760926	883.634713808	973.175049416	1050.03212689	-513.850547973	814.20474398	1311.04959663	-1247.54633968;
	1442.59478814	449.999645275	743.840254966	-1544.33884102	918.649457046	777.635019832	802.194749243	560.867709861	-156.829271723	-202.940581324	989.163515934	-1069.30293448;
	1512.60075666	938.304919712	-147.755585989	-1460.78222429	1780.36490153	654.975138931	296.916547953	1253.00064128	-1660.92497806	-731.463562603	933.706869654	-2483.08336369;
	-226.561540588	-593.061039576	-113.003738168	922.207702945	-1238.10673926	-476.280147299	-562.34119028	-1282.04266798	977.061403316	-273.876822511	-889.320505525	1032.73709009;
	-588.360770189	-476.538403067	-137.802236789	906.115582671	-1223.25380574	-387.219840294	-604.880254598	-1109.68387418	651.895199015	-219.134113577	-750.62316432	1141.07418836;
	-766.62176845	-86.3164836156	-73.6209739869	843.364020171	-1011.55867405	-693.103405549	-743.297809329	-716.535022618	676.445088493	-159.611744717	-988.275109922	1277.94644347;
	-436.555405158	-729.57649684	-226.589240616	924.685764062	-1192.71975826	-192.230623551	-477.593247824	-1085.43129481	822.919061258	-144.712227271	-645.564669371	927.679542918;
	-1269.10890392	-201.091741182	-244.338907091	1033.61428042	-756.348786003	-1349.78099623	575.396470124	-473.580442614	1017.487273	706.275310155	-575.009026616	1079.23563803;
	-1453.45975085	-365.064335168	-629.254245596	1130.70047716	-548.2889737	-1354.05598891	468.876362519	-368.369110458	740.165427112	1016.79360927	-570.216633836	1186.58198415;
	-650.550364338	-411.598795502	76.8060765402	1262.77426573	-1137.3912169	-780.726224511	16.0273314116	-958.928481826	1005.53159482	173.845672547	-799.562335783	1198.75128834;
	-621.55689224	-604.814230459	-224.23714658	1024.03399249	-1208.12453969	-335.43572549	-151.839546252	-1053.21723977	929.574907762	289.924533182	-535.204348713	1177.29839016;
	-1352.97458207	-584.844325367	-827.082674699	742.293263815	-452.694759584	-590.529126258	360.693417472	-442.154866487	544.239903103	901.759536633	-290.343140645	1023.13803567;
	-707.205323035	-303.286573575	44.070433137	1277.84011742	-1174.815734	-840.766847705	307.875565572	-790.159018755	1097.46773936	485.270625758	-689.390871259	1337.82787305;
	-1443.38090698	-417.354470104	14.6464146596	1680.97007081	-689.867126059	-842.850600915	-478.886187789	-391.853198495	459.181962329	830.391119536	-543.528355825	752.183384727;
	-592.146487392	-446.878835487	-811.585378962	1082.98012599	-910.795952946	-215.012502331	-1601.23619404	210.691903849	-177.634540612	-458.89952698	-1268.09979336	242.740343006;
	-1533.59528129	-1028.67588439	-224.38594686	1604.636441	-1109.17065014	-502.971428955	-652.419563039	-755.170530152	925.439118009	714.243465301	-705.491804495	937.093838203;
	-1382.49066233	-896.43229701	198.368097114	1680.1886201	-860.80155428	-389.536811694	-218.065795254	-374.188066041	626.125858978	758.87329565	-634.937757003	696.242763017;
	-1108.7285491	-328.602757711	-527.766648679	1627.48191793	-945.927142879	-877.53727998	-1308.0502738	274.813363997	47.2684227974	18.4968114165	-1155.94304144	438.02850124;
	-930.163404499	58.6565575935	-760.34797065	1746.51740787	-878.898276795	-1047.05664378	-1565.47347383	365.241574522	-289.163646154	-146.106205624	-1275.03908977	373.28611533;
	-1201.62789401	-691.789028219	-219.088816986	1188.8158743	-878.659849853	-394.861835776	-761.162920797	-450.288896071	136.875548194	580.875320729	-601.019138328	713.898223021;
	-1817.4664181	-798.750806188	-718.110083168	1148.54304886	-496.832876075	-184.403643318	-337.964116831	33.2611140156	215.696567673	1422.67292799	45.118662757	943.137323561;
	-698.877376239	-440.844443099	-750.068579431	1099.74536387	-852.958399567	-228.52147501	-1648.7302969	161.268914717	-107.37035796	-449.559407777	-1305.44416865	349.005761818;
	-828.031524679	-810.119405185	-271.198414272	1201.24431508	-1124.28459311	-345.389683547	-879.918041764	-458.373370378	138.292513122	-60.6105799997	-872.3465284	607.108407537;
	-1744.30926208	11.5963199818	399.20966724	902.265971306	124.365197434	-269.739406516	104.825755038	376.219304026	-186.543690875	1992.87042973	1234.46895586	867.909529663;
	-1742.55634964	-246.689983355	350.185363761	878.778065383	-72.9725025885	-257.924784637	165.057165617	206.672254395	133.674005861	1727.17996253	1639.8939976	782.528559503;
	-1759.95003042	499.154246659	471.173318999	647.267013017	647.807028022	-321.802952496	169.321624001	785.248648557	-188.345016509	2196.69993232	957.631840315	738.191876292;
	-1780.394919	217.399780839	294.733886575	624.07254885	433.166044965	-165.57547583	68.6603545066	601.067439903	-313.06101053	2170.17859384	1180.91617521	816.396552672;
	-1756.35986041	8.33161227088	453.061438586	792.710338557	235.625249545	-156.898274534	62.6934271443	499.144387774	-288.30864998	2069.01634409	1118.3906959	822.381622116;
	-1596.51279727	-28.6218130038	556.742547689	1009.31477488	115.654188023	-164.319139639	2.12712506346	379.40138667	-296.806856115	1872.72621726	1110.1512993	832.609423314;
	-868.895346254	-1058.80949745	761.988954302	937.409228378	-557.399118283	575.292495335	-121.546720185	-231.133311436	-213.835583632	537.538511187	1651.50908506	118.852256402;
	-120.114675287	-1049.53039264	546.208376261	487.782475352	-1021.63034495	475.425248278	-466.516281665	-789.887130944	389.887874626	82.9008445181	1694.42975822	567.863822412;
	-835.015127098	-1157.54283989	678.680353988	907.801325081	-521.125094905	429.883147786	6.68747462294	-213.091208353	151.26174968	764.624784108	1896.04694394	280.68797901;
	-1158.42400705	-874.129569156	647.532645278	919.694118039	-265.077408472	241.459261624	251.22824347	5.08304434028	-43.6461571364	1175.73815932	1892.33456546	311.887741731;
	-2227.59141189	185.913258044	-413.311448918	1477.03434465	140.61193138	-1553.87259036	4.67603795331	560.304806494	114.77597124	1434.74576168	-563.534721398	648.05718436;
	-2288.16493515	-61.7735289994	-372.388801977	1820.10482703	-164.082708811	-1450.5833598	-129.412718377	378.745453552	250.440141838	1761.33215136	-167.63099036	889.138293862;
	-1341.09044238	80.8855485453	-145.750223252	146.034913206	532.370073115	-810.774353185	-512.533557027	1385.99502162	-860.717149028	1057.84381912	846.400808015	-187.148338705;
	-2110.74217182	65.5243898197	-524.34137464	1501.13058788	-397.519391312	-1630.94587894	-30.7208265781	442.475352779	400.374183737	1179.17735427	-297.667383905	486.775220791;
	-1187.94658646	62.2680235627	-388.73451111	225.788992358	595.895567455	-979.879270298	-481.244878909	952.794322961	-637.399699179	1273.10659208	1108.36346851	-164.407520581;
	-1480.14679923	-5.8020454011	-247.071481372	181.616315522	555.539051674	-912.481947524	-455.054133186	1420.55355447	-958.980219206	1400.96945218	740.556715113	-226.339559625;
	-2024.74702786	218.170724576	-403.062848143	1510.15125006	-147.424658076	-1527.7449984	-51.6011773655	544.541649972	154.191272669	1065.30109403	-655.3632464	539.989685607;
	-1635.9118895	215.781607835	-20.3524209138	433.727675735	368.519280484	-805.478535689	-186.842738919	1244.31424465	-845.736404508	1349.19588092	672.143589483	-152.09189635;
	-1619.01849165	277.689263444	-942.43110475	1259.68213785	114.858301476	-1049.05556714	-565.091200708	1134.12980209	-852.58158605	644.509164778	-848.90135963	19.7508166883;
	-1373.41086734	225.559879452	169.723905201	751.42548473	167.362502587	-632.908927945	-582.191590672	985.635135017	-737.066799159	685.441896979	427.20511733	-345.623183697;
	2000.00496281	632.326036717	453.223107193	-750.680399801	179.179276733	-658.598379944	588.985797858	-171.881632626	-212.046077882	-1632.3605388	-375.908917608	-845.309144401;
	1748.72999632	825.34811123	251.914027186	-790.584098462	470.255708867	-653.326265869	370.747991863	416.75484144	-326.335750113	-1312.92089443	-68.5827843299	-1052.48282893;
	1970.01976567	668.986793035	492.89761192	-796.157236339	156.6653502	-708.029744572	516.550164746	-113.160081744	-511.327533477	-1810.52582612	-604.732105339	-1035.6355214;
	1801.8658574	699.162911202	323.691459666	-822.277913178	241.825446182	-798.021652998	509.735051608	-6.86697103213	-206.287312715	-1539.97709373	-207.973345409	-855.02169058;
	2021.92649899	189.995017129	-156.605292589	-1225.02611951	224.906637551	97.2786971212	33.8315327574	-266.267186492	-446.291285604	-1602.7941684	-477.45202873	-773.854507738;
	1289.02579552	64.5226602862	-281.19217185	-968.389579939	144.695751012	156.324097026	-62.6939747102	135.173052786	-107.768446968	-1216.07214219	-145.851390128	-747.636956969;
	1069.66629365	32.862460502	-187.759822836	-855.324086573	92.2209411593	176.719008995	131.65964291	98.130028031	7.02910880657	-1066.14032176	-148.483001745	-606.522718341;
	1817.86627853	62.4298560392	-202.123125343	-1090.30359056	193.235489576	264.621487134	83.6319306477	-198.35817243	-239.342376577	-1352.86372144	-260.195213876	-622.447696604;
	1427.80143778	-141.091642304	-166.857105002	-1273.22143683	-144.559437142	-45.7926948903	42.323283568	-276.140263807	376.005458763	-1466.23752703	-149.09758634	-778.968906427;
	1692.59680818	893.317949287	250.119439494	-1018.98035182	121.935677854	-1210.35196981	391.493037022	122.842115088	-36.8668423272	-1738.19210655	-14.3477626072	-1189.75111202;
	-256.138375007	-479.615668641	-188.600525539	776.248521831	-340.894698779	-649.087212279	-676.790143227	-653.057412958	548.067047726	-465.644709969	-414.582238706	143.256533794;
	-442.457986469	-505.651565149	-871.152108073	439.085118116	-102.916843117	318.813196957	-1182.2397762	-129.25653309	-77.563520595	-376.598932515	-116.489310814	-102.840141338;
	-137.149536041	-147.716798669	-550.376856898	412.923630505	-205.618209151	-441.789090679	-1374.72565237	-74.5771927791	211.847840187	-1026.67441757	-1002.1848074	71.6479813659;
	-451.004539695	-256.844841496	-449.10590055	692.569727026	-144.561589954	-249.2986375	-1172.61478079	-20.0273409499	43.447205958	-630.554327665	-719.289224012	-106.960807321;
	-1191.52645907	-748.99504643	-341.488421263	1355.9499737	-499.555494496	-546.159213933	-268.093179888	-640.248011805	746.902426036	688.069594428	-13.4516647306	424.406501084;
	-1584.13325601	-591.266477539	-535.760586901	1220.23809591	-342.222108831	-893.52547465	216.20131904	-340.078355017	728.957485992	912.707724291	-5.40887519749	641.737897652;
	-108.873551515	-1179.62107943	-312.95068559	224.369001607	-903.598275432	636.684970426	-762.151330243	-1048.85323528	847.299648205	-181.936877858	-92.3952875704	638.551995825;
	-450.957688445	-1255.91458544	-304.604373088	498.285256995	-906.120323137	345.465749532	-593.168461101	-1058.34842887	1182.15799636	-104.664254464	-56.8564711191	501.774366649;
	-584.276628651	-1202.58234643	-450.81863213	442.356765083	-688.142229192	453.799264556	-571.903268867	-829.549346253	889.0372717	150.748222295	53.102387066	361.723761502;
	-209.014340292	-710.701637645	-718.685748776	300.602878549	-167.027099867	489.196434202	-942.500108291	-544.439019639	144.799333086	-358.575714986	-149.303344177	-4.33767179505;
	1518.36797401	366.393568734	554.811109666	-579.709180178	-592.088838742	-187.037273522	-45.059606174	-711.227649551	257.776435293	-1751.26819966	-33.5133437301	-440.294565972;
	1581.05312738	193.557759479	730.934824447	-679.792507961	-748.957964683	-171.686519401	230.178712828	-907.798736163	442.849395635	-1537.66148092	95.6834686321	-390.70125706;
	1884.10044048	471.019818756	798.072419471	-689.649876692	-523.736049632	-593.680127995	504.473159714	-692.424992698	433.406534218	-1777.73500426	-41.4234110815	-599.586481218;
	1815.67750637	326.378716711	584.597104785	-813.118173427	-772.431600348	-99.0659296328	-55.6449065467	-904.365768633	382.080840198	-1961.34801037	-313.382582918	-126.15872133;
	1758.09574917	319.545879378	292.582695697	-891.286122309	-270.383810361	-387.903258854	307.531835931	-211.434036543	387.797791971	-1642.38351487	185.738484634	-821.404934571;
	1777.40370373	399.873451954	121.126368781	-859.2963338	-250.674673609	-777.042505299	236.893282287	-318.16096544	419.537164489	-1804.47375962	-16.3620575096	-860.727772545;
	1764.88877695	-90.2036872731	396.993131624	-909.886689842	-439.51189757	129.362336377	143.601198047	-768.999545868	317.825499409	-1645.19644655	200.860222426	-623.599926439;
	2363.26972228	392.339021696	595.482235804	-1183.86884103	-208.707029386	-231.680249248	289.592660273	-263.851419934	263.135764745	-2124.41341177	-184.058717428	-917.171659589;
	1852.99632006	464.983352233	474.561224271	-764.050166402	-228.243824153	-557.148852986	418.51893007	-255.225415803	150.423580067	-1593.06376515	121.422093291	-865.474666443;
	2128.31393961	-73.5374370079	165.663266698	-1237.40592152	-205.61470104	254.485762872	8.39319881471	-456.305796743	-107.550694318	-1974.26934344	-37.1486121839	-972.485586731;
	1354.94286949	112.630495278	-543.782312123	-146.679866531	-563.325017827	-524.12291707	-719.680529189	-432.777938229	27.6786432174	-2053.54224907	-690.279890015	-895.030128667;
	45.355222955	1513.10555507	534.676461242	-206.777620596	863.810899842	-1612.07342846	688.625837333	1781.74072079	-926.377332828	529.800865483	-186.235176429	-704.619997397;
	709.945611047	1128.38829348	700.318924465	-347.91005044	413.217641197	-1139.87137451	496.096482431	1191.3038124	-707.74854178	-289.987817587	164.736770095	-1237.00838;
	246.885408524	1587.74629771	391.50569174	-413.617481438	898.946245194	-1448.33842124	706.430259638	1764.5349518	-1148.26236343	588.478159028	-56.1979080599	-666.466535196;
	162.953361364	1657.04190836	405.125642604	-309.189316505	839.169580787	-1637.88406599	730.544775975	1686.51873197	-901.281774671	581.941318663	-194.960474563	-622.912795579;
	-52.9461577741	1677.37218967	367.550247807	-209.233796244	1051.97950533	-1620.87151555	831.778089928	1770.79199029	-834.335333181	730.032131374	-323.234078704	-577.189513286;
	149.598073294	341.602329892	-274.054325004	362.295857744	-294.104499192	-1156.982694	-341.098779597	14.1771258198	-155.55096477	-698.881762105	-29.0593991517	-736.804713815;
	1713.64308129	526.677221859	120.582574431	-296.357978687	-489.069926864	-744.226461138	-518.985205898	-451.823531805	262.081811782	-2212.5376141	-853.726822089	-718.888265814;
	794.13274184	187.745012933	-608.633270442	179.429690564	-459.245451315	-900.592313314	-644.256446078	-191.672041973	-240.264553474	-1519.28626898	-349.407988845	-913.63689314;
	1339.3566354	52.5077569618	-119.867783471	-39.5913695152	-611.79639641	-474.196997036	-700.194870675	-490.985144445	257.638051328	-2046.2313604	-579.944810038	-882.746353919;
	-1336.89201761	-577.660539092	481.543476654	-73.9899318031	254.223786325	173.918279891	530.440604055	856.164232383	398.09352328	1718.49078543	99.6138488349	419.81284597;
	-981.191166167	-854.617414968	866.447612593	237.415844666	55.292459158	428.663544927	235.438919259	567.667446566	119.89704735	1445.83319963	902.154189911	380.787389355;
	-1374.43674012	-328.012971962	226.399001141	137.609864281	162.273921388	-189.785277311	423.799226243	1256.36620883	498.203365083	2058.21377758	357.215448612	744.884634275;
	-1386.56880197	-233.468381387	293.280394706	296.480517788	-40.0873161931	-329.754819915	401.576770262	1004.20817525	690.862004787	2053.98919128	128.076515749	830.106287136;
	-1284.15114397	-250.500526742	330.799746743	-287.080855967	435.072126433	45.6977594821	464.056352939	867.373188976	311.991509728	1891.09214555	372.419572562	1055.72282822;
	-1103.70558797	-426.218926228	586.679186363	12.6101911588	128.33639107	59.3916675772	153.09426171	659.246188462	435.242971625	1469.60756447	482.596691857	554.580414445;
	-1077.63044281	-951.856136712	673.506305947	269.688008004	8.19384197412	580.630147645	353.747467506	339.019344732	102.724243782	1466.34879348	826.45158763	598.084624388;
	-487.081909032	-80.0880853899	321.078534598	-284.137498466	443.751502241	361.38968337	-566.811913784	480.611073802	-437.980460136	208.057401838	96.4173271605	221.13566063;
	-1398.36265803	-786.263208861	832.069840557	472.516539095	-84.5472696687	287.669932394	478.104753093	992.855175286	316.923428171	2072.94923855	737.696980428	426.922694666;
	-1068.94007948	-647.4807683	1172.97607682	359.523454435	41.6968923159	453.76071775	436.2583013	731.645958112	189.953515554	1591.76183267	647.993438642	261.475347302;
	2168.30430229	1759.11002779	589.199652432	-1518.90452564	887.652709516	-969.638899866	566.152061141	242.89632021	-426.523941324	-1789.81975694	-405.193995364	-1129.53552563;
	2126.23504791	1739.4811077	786.053591802	-1551.77309972	598.965067415	-1452.14148485	1107.51945117	-392.918192435	123.199051539	-1435.26278752	-236.003954571	-529.860595985;
	2125.20132987	1596.55439471	756.985809054	-1473.31790009	517.940046685	-1366.55482753	1066.38852872	-412.593836864	75.3703207091	-1431.46860734	-178.895976707	-511.095472874;
	2161.44502745	1770.44871636	736.537391922	-1543.14159136	607.056510462	-1368.37490092	923.983317168	-175.115066905	-184.462374987	-1678.4787796	-363.830793538	-728.35646994;
	2014.45772021	1573.58825799	698.480982586	-1476.0936935	445.589761471	-1446.08666378	1062.17979641	-407.260088893	204.249773334	-1449.29591994	-260.90208979	-381.018697387;
	2201.75325282	1725.07208626	284.397653379	-1785.04787479	1168.13237333	-472.656053478	-106.400637965	155.083426359	-726.456705165	-1850.69653463	-225.481025238	-1231.81890928;
	2122.26885268	1191.33956417	-69.3141181408	-1715.04887171	1025.76079977	-389.02713903	-192.49071988	704.64721327	-800.749519958	-1859.3172807	-392.241353296	-1294.01661861;
	2377.451477	1754.14033734	406.649027585	-1970.02058568	841.214284064	-622.494234061	416.000332534	-164.806388918	-491.164255287	-1790.85286162	-175.653707349	-926.413614733;
	2329.01274991	1236.91697731	604.1174984	-1634.63781842	633.392203041	-385.471530239	571.697766667	-333.036405565	-144.276393666	-1332.93648443	-30.5710265062	-676.688370492;
	2142.51397892	1453.30546158	88.2379073609	-1832.84537889	1088.84995828	-516.380087575	-71.182845057	275.796924625	-665.707455212	-1821.19749496	-160.314291389	-1226.85329064;
	298.062965076	2341.23741007	229.88180185	-79.4862377814	1314.47242809	-2425.68696015	584.328699619	1678.41576136	-753.357777125	422.841709961	14.7038251313	-918.473540279;
	644.778142944	1984.69611703	374.788110104	-67.8668046941	862.577820306	-1889.03048346	171.813610919	1598.04105735	-1055.51385751	-242.261139294	655.423077261	-1174.78814439;
	272.250827371	2213.40264914	489.679229742	-127.720221839	1121.45760454	-2233.35684526	439.981216592	1592.3812508	-911.979472934	447.430515859	-122.991683636	-693.558714785;
	183.587139591	2223.60531429	452.514509695	-46.1312867411	1167.32126324	-2160.7529596	392.484880339	1649.82627265	-916.694412042	520.887842313	-195.230392239	-590.972846434;
	159.178712797	2637.56823771	154.208444446	209.91109101	1515.82286161	-2872.37468389	270.973440569	1904.26442947	-998.832936468	156.883674189	-116.29039396	-1252.37475274;
	-25.3815724673	2792.81228715	94.0440823469	503.657619568	1690.09698914	-3332.57725699	381.737548542	1950.28850826	-869.204021722	338.268529303	-304.183191202	-1216.33820839;
	419.425898376	2227.62636887	351.993996266	-54.7147886197	1121.22832506	-2223.1935193	360.751045338	1710.80746699	-1045.64217189	188.193421481	370.717920048	-950.737918557;
	-122.720782863	2755.41937615	153.357401261	597.660135068	1628.01123849	-3414.36481005	448.977172566	1841.38959066	-854.164358754	313.061300039	-511.87767903	-1159.76279865;
	486.9590228	2069.85330208	399.164156599	-27.0729728218	996.366286518	-1967.86890133	383.557565934	1570.3171989	-1024.06018612	45.7073931336	573.223466249	-1016.26867455;
	532.918505646	2039.56208096	490.039377474	-161.436099975	905.317577458	-1844.18460843	308.609677086	1657.34386211	-1093.43938294	-207.807152922	599.648486877	-1097.2137861;
	984.725003722	420.611954709	536.873425976	534.929272309	-848.006401694	-342.528981951	285.564809035	-716.169711833	834.188730558	-718.482680032	-1891.2510107	443.273682452;
	-301.529306866	69.2875534385	-459.856839909	10.8008381048	104.439540845	42.162586842	180.306588369	472.11767013	-0.562358887112	395.566021431	-1026.51479801	-70.1842475313;
	-172.003703518	330.520274015	138.790854406	1079.48552032	-711.481749864	-794.807291943	569.316203223	-829.182709591	1013.30579938	-234.982618134	-1105.56669016	45.6793167136;
	-649.234708048	963.14764101	-202.846151121	200.424736197	465.162950359	-1239.29448381	1110.74030118	833.709016511	145.733553314	680.319168111	-719.207902127	-108.218158867;
	-154.268470059	647.005592795	328.607917552	932.22201148	-666.628548322	-1315.40821605	976.723350038	-751.059354299	1092.98117252	-158.045985623	-963.841103767	222.221279797;
	-1152.37925214	264.699920767	-768.454023572	24.0488093386	482.280105212	-35.3913134672	792.274159104	962.571250445	-179.43176812	1269.72291766	-794.6682724	50.2721386925;
	-860.663256923	125.697302054	-83.5868961752	666.154185205	-567.554053403	-279.59117912	299.360057161	-681.82230639	614.426454983	650.475238619	-302.931196781	378.27872414;
	-1136.07424457	626.452444744	-126.656939421	787.34132048	-311.792603583	-714.399672153	76.5139304577	-324.260407105	529.490180961	979.50478277	-396.083991923	426.095975256;
	-228.176151347	87.8912908775	-51.5564826273	416.908487478	-787.475590997	-101.428634653	336.869947572	-811.25611588	666.915432528	22.1791341195	-575.380155524	324.408476987;
	-1332.14944595	442.186332016	-500.327995334	-312.120544676	608.427977877	-643.399414206	949.171376395	1561.5883017	-4.05003188765	1257.09019781	-1121.58671576	-109.29992323;
	729.988810065	-109.077456159	23.3020811869	-859.786158969	954.428943218	1322.29569461	-394.936060849	-278.347505678	-858.056392993	-36.9847280884	-377.643681743	-90.6277725289;
	-186.042768901	-339.842940271	-304.160124761	-45.7560702721	580.274431163	1119.76604401	-134.593137517	449.64741026	-611.796213757	681.974357139	1412.23030594	-1189.16092727;
	1444.53114041	-316.769957611	389.243415198	-1249.7116005	848.42729475	1574.87961481	-13.153377513	-415.363084476	-553.460562828	-1064.30063724	493.537220457	-622.457953646;
	1753.36372352	87.2030940757	296.234894702	-716.514631857	1108.81779162	1299.55047593	-299.42812162	-186.543256087	-1209.94778936	-828.75770323	432.03263752	-1390.77654725;
	1799.39947192	421.799559791	4.23869133996	-1105.7030054	1235.62757091	1243.40643778	-389.654430728	242.385032321	-1599.451631	-1306.8190806	49.0350577886	-1721.05315267;
	680.142610189	-183.148014691	-170.471375782	-781.263626969	758.719022448	1274.65384949	-455.22132818	-283.46613655	-525.928058244	293.887357727	-267.593403345	-245.799613748;
	305.941633977	-226.333397714	-35.4134502167	-304.005731461	1212.523211	1213.94845539	285.471679401	631.724462886	-864.287856869	710.835773436	1158.25697185	-1204.94136369;
	874.692005467	-264.061809604	169.80897129	-904.899654938	1043.77092077	1326.21333872	56.2916254462	172.026810824	-549.77669625	58.2321592791	831.592441576	-951.179374474;
	1474.6097618	98.2627323474	393.933941616	-647.985039988	1067.11780281	1040.76533454	-339.483995156	-260.220441842	-958.188004263	-694.008961496	492.159168809	-1282.53788663;
	779.481899695	-177.765410801	297.312253295	-186.356939679	550.982832515	1254.32702266	-283.433218238	-183.852704126	-729.609630089	-476.3300979	802.216392052	-1138.64566894;
	-1639.27172341	-162.584925923	-840.331591246	1533.17023244	300.811575815	-989.964423206	-151.526698814	652.02092651	-302.036789002	881.970332725	-951.358967499	0.894389141469;
	-1793.24324247	-456.905935747	-903.14970991	1571.99491737	272.691033167	-834.212357688	-289.403833954	725.290772757	-228.955080447	1204.42026897	-588.518999842	130.12986935;
	-1513.78809291	384.880462573	135.625335825	1297.07552919	357.086284466	-1436.70018311	291.06075329	1733.3905901	-631.346369199	1514.4604114	58.2065979141	-616.002052454;
	-1802.31323963	-169.227805169	-737.693568373	1472.23184379	457.031458877	-1051.99412671	59.9614129321	771.223369605	-176.75518202	1048.01332646	-982.464418086	-22.273134101;
	-1605.42864026	271.273420054	-69.0812185314	879.641787202	208.936618724	-1537.38410073	115.236869354	1565.69733044	-375.283031542	1756.10029675	90.5534953963	-120.427962039;
	-1471.25237345	310.281195035	109.179917142	1490.29893329	185.2628669	-1509.2280341	164.65283792	1675.87939364	-700.316318349	1198.09767751	206.459144675	-663.834061479;
	-1490.880673	573.631258186	48.7335365063	1139.09986895	496.250771527	-1398.33975276	149.58193496	1784.11319554	-855.817702181	1345.91178047	152.683043629	-578.625658341;
	-1399.3425596	219.594002017	-1023.65546485	1677.66708159	-23.0446660249	-1277.85606736	-613.072436596	872.014156947	-434.020219128	554.89241149	-954.944857617	150.481984289;
	-1337.02360687	368.004172607	379.392318967	898.355020767	390.755347922	-1401.33060375	375.111795961	1569.99145554	-653.965978672	1168.85558558	338.32550996	-720.572518583;
	-1851.3045586	-416.912603375	-775.452728118	1521.51461739	400.902895277	-732.681970546	-99.6054187236	614.864112703	-166.08557885	1179.05279213	-802.963997102	44.499590322;
	1028.52976554	-985.441187794	53.5811478502	-300.260789686	-1140.0618302	756.631664808	-262.25140274	-1581.86888654	1092.96896386	-1432.6789142	-349.487080726	682.250514897;
	1568.18989969	-644.511905403	282.41843929	-334.992980435	-640.753345027	698.547396448	-274.445870948	-1446.0979757	411.855434923	-1565.45976235	-310.20360682	469.439966906;
	1487.95400256	-595.961299712	403.787669906	-297.818034116	-666.35623728	638.605888312	-219.243439637	-1838.35809364	805.507676743	-1692.4916554	-204.873561534	611.65739968;
	956.633234454	-616.505986922	511.939687717	269.665140004	-1035.6514615	162.858825421	-201.913256629	-1738.87227777	1078.65145331	-1232.88412275	-177.557703878	861.967105141;
	668.359734868	-290.500196485	-235.156314265	-0.514771280106	-712.135053397	590.680104401	-658.680578077	-1381.16042103	672.136726272	-1246.2921711	-144.488666245	405.568302227;
	1457.23650844	-635.917295589	382.890307959	-162.83563307	-706.769083893	593.073459248	-221.908489296	-1730.7942061	707.649469772	-1584.7158116	-127.365317523	666.309582543;
	1492.67615974	-945.335924109	22.7156261518	-632.88984074	-1148.35882069	939.659668879	-271.236216112	-1652.86399514	1102.54549737	-1676.20670343	-462.86855962	752.676754201;
	1193.33118618	-520.00083531	310.881004749	72.2552378845	-661.076128716	413.265078693	-369.690549145	-1740.26397261	773.0847716	-1466.37497295	-222.244420111	599.125155523;
	1362.1366212	-555.056152968	114.649368707	-455.322429917	-970.271377517	1022.05781495	-647.196335032	-1584.46503249	553.098251237	-1808.72607608	-640.385771176	690.590321553;
	545.063355485	-901.746455417	-243.391323839	-94.3810328122	-1018.93340279	668.671992175	-262.578178876	-1496.79992169	1064.07429184	-958.550969793	-104.329818179	650.181163977;
	806.564828683	1741.21674568	108.62187119	-143.404601084	551.818912184	-1866.91355005	748.989264222	1039.77804119	-421.392468008	-1116.73151368	-167.072027666	-1128.18152744;
	1400.09212487	1271.07266715	367.765655915	-840.342129377	396.403129188	-1152.88427626	925.821718164	842.427550176	-391.872595995	-1010.11900814	289.030446242	-1384.18756543;
	797.052350315	1755.69705174	25.8930170743	86.4672697475	717.317752842	-1951.26736938	438.405800552	1161.82023184	-877.738240843	-1404.97026201	-110.95026779	-1486.63016823;
	1432.14098644	1610.27759923	746.685654787	-554.119191689	399.271061218	-1681.03857906	700.438413907	1002.20108512	-600.372818696	-1429.656166	35.6186124967	-1360.64179009;
	1187.10147088	1745.36914964	663.372561373	-468.998850138	508.455806054	-1660.46006283	738.523398078	1040.14771694	-673.340707923	-1176.0563508	328.335214897	-1379.21135212;
	1626.01433808	1562.78226777	719.718541459	-386.790849396	82.4182530334	-1570.90935606	855.180754326	331.507661076	-175.432177253	-1298.05725006	-220.045904866	-778.063756689;
	1413.16511468	1755.41932678	241.019859488	-712.619087599	495.769680559	-1757.62156116	836.60136878	885.93662971	-493.158713494	-912.273890978	91.3212702352	-1292.06877524;
	1394.78092807	1150.92083392	140.915987993	-182.25908113	13.3826288044	-1431.384439	260.74567999	334.91791022	-317.382512361	-1923.54390499	-685.049001544	-1273.04914589;
	1230.28274896	1318.4771903	114.785562823	-135.244424747	103.942160847	-1334.88982236	319.419997089	553.475991623	-499.017459395	-1867.59210082	-793.818140277	-1303.45324157;
	1727.66323868	1376.17962174	699.538403251	-372.123493981	-1.31620398246	-1555.96274779	878.828862956	423.898184429	-2.45288537069	-1376.87988152	-483.681119477	-828.245087692;
	213.945984604	-883.967980792	-179.945509402	828.089191514	-586.117567738	323.617181734	-86.1181041516	-862.56217162	845.897450839	-432.883596991	223.3815557	158.71869059;
	-42.9555538539	-501.750872424	-748.139162275	36.7973812837	-413.408661089	439.005941096	-1660.18724796	-264.54010491	19.5888730343	-796.359076991	-451.348220544	84.4208090142;
	-426.133361494	-152.496650309	-409.264519927	983.065866932	-305.782059959	-166.727500085	-939.046980186	-371.238476286	238.650177043	-675.174614509	283.258639674	-64.3759141947;
	-454.445045754	-757.444638051	-552.379146921	845.262713547	-567.731926867	62.7270727321	71.6511028983	-475.99781329	567.735556205	48.8010154287	473.858325936	115.142732785;
	-202.789803795	-660.671512709	-658.674876708	401.784785758	-311.596158404	586.134706217	-627.997924873	-654.123861094	252.580554646	-455.761717681	152.126583055	140.91175315;
	-394.731157156	-415.901865024	-686.628588513	365.385604783	-266.667634893	408.444152813	-1282.21507578	-207.762458412	-74.8461569204	-642.133273391	-149.610979766	24.0602195374;
	-995.095394679	-909.615119381	-905.046420719	256.047270405	-287.0584614	686.100586178	-5.01519061283	-124.313940795	87.960178982	853.112630988	500.587492063	336.571625572;
	-100.837363549	-625.889164778	-571.804274561	393.992749478	-382.296475219	528.566966042	-411.976575741	-876.374270696	398.955486409	-199.745532634	209.845553499	323.273625941;
	-356.741164291	-672.556968831	-491.312648103	942.147580387	-531.823142064	219.186029799	64.0112927363	-452.281855174	473.641690827	92.5680984423	536.499660833	-13.5538411819;
	-152.858969343	-378.627613608	-460.816122207	966.21254178	-436.52870697	10.9648724012	-927.461469731	-590.617329766	345.308565451	-761.010145675	82.9981312046	-1.66797815231;
	-338.295409562	-369.007051007	-71.2410512888	829.393919944	-688.996590643	33.8211747224	-151.202737205	-550.590963134	-35.2026485733	-477.905339255	-1588.13305198	787.700936056;
	-288.87824611	-857.465311298	-37.2346064058	725.044604738	-892.686574751	-249.619176525	415.128187524	-1227.0297874	1229.48106664	243.648826258	-1075.72803184	1305.33444057;
	-134.234023751	-266.274525569	-717.270876835	243.645601967	-215.414716248	353.442845218	-57.0311876489	-770.003440134	135.224713501	-44.61399256	-1239.91714168	624.001062838;
	-77.9257010059	-377.114805237	-714.931961975	282.17622751	-295.259324775	515.805954863	-393.129828882	-358.446435949	-216.979877288	-537.426660188	-1522.16861083	390.239238865;
	-663.730728092	-646.262979065	24.8142530404	966.588494759	-845.935603458	-640.193231467	531.383965118	-881.45690724	1264.2513006	415.367815477	-944.169797387	1183.2706317;
	-472.452451669	-655.053393237	-293.520765891	328.047930241	-666.50515479	409.448878911	126.89800892	-908.342332938	1111.93247672	445.430782789	-877.424732042	1205.01513994;
	-172.38700001	-874.277618769	489.686805935	944.10449117	-1044.58965301	291.275667945	371.303780871	-1207.69564443	623.455795823	-58.6428150446	-1217.01397021	921.114342781;
	-821.746194961	-544.279756395	-484.071699425	445.466658836	-674.474070629	269.304661154	206.099872969	-429.16034861	1117.28219154	385.371850438	-968.257802929	917.03665724;
	-420.179851526	-691.71741463	299.357799306	994.809029272	-791.177816816	37.5278578517	329.421107405	-845.072182769	167.57455071	-247.308600632	-1295.46753523	695.133409226;
	-927.899898854	-623.699529807	-723.518538006	-211.899174142	-112.379851115	425.902881508	449.377543082	316.905736198	507.834517991	836.957456168	-926.680402414	454.151205066;
	-825.377984973	-757.825438171	-247.436879162	817.565398312	-752.977012477	-722.655465887	409.801894425	-795.737212779	1371.95142491	666.924455726	-1053.89729318	1351.66588802;
	-736.804092249	-690.970040002	-473.805207646	-22.9122642148	-330.70989138	561.512061066	372.528712723	-481.58769891	895.882213349	1067.40501907	-859.176259393	1047.54695893;
	-775.192307233	-725.965758177	359.880179546	951.10181755	-1088.98142736	-621.894616021	460.683911843	-1126.65274211	1390.67334648	590.742266318	-1036.73348668	1479.95697539;
	-579.580862144	-796.831761457	223.623489374	782.355861637	-1019.91319164	-351.741614429	241.156152022	-961.238768595	1157.76351002	121.225986459	-1220.82720587	1184.80299669;
	-851.505623348	-594.573561233	-118.153993677	869.273768817	-684.856242019	-933.483852993	423.995689702	-631.297793681	1363.22304011	610.936055416	-1052.15593163	1281.2763961;
	-518.619515157	-998.97192417	-976.949860937	153.699684087	-529.734150045	427.552767089	-201.15231258	-536.276405082	950.984851133	618.594145094	-1117.38808407	1110.79427966;
	-730.417144086	-1023.45273363	-834.34865981	302.761763428	-618.024968569	256.670691269	-206.868281223	-518.070967816	1023.2709852	643.924650799	-1076.6445375	1116.48776455;
	-945.240769501	-560.520239992	-250.460776962	944.182335788	-684.040824754	-871.478561814	525.063074368	-603.652242392	1285.41242393	811.904734441	-1020.86632479	1203.84575196;
	-255.891984294	-1103.88664975	-401.383890701	274.441401395	-859.007618904	756.98265056	-352.605863806	-261.298588368	916.14450611	346.309586396	-1193.13443581	823.428034024;
	-371.702399248	-1158.01022232	-448.772496629	191.445694997	-725.689444168	618.200510418	-88.7270843311	-519.250724525	887.655681141	390.536490341	-1162.47582606	871.335888806;
	1760.00133463	-8.32862419478	-321.814750168	-1191.36270999	-897.693109219	521.253017878	53.3739556426	-1140.81249312	1198.4685416	-1470.5808663	-1636.47755351	1100.12758591;
	1817.6862887	-538.919535333	-837.882432386	-1972.33602401	-410.65042247	1490.09611971	198.398818466	-942.233766997	1472.50721554	-759.23604621	-1816.62535997	1152.45195781;
	1783.42501787	-82.4175715036	-210.867915888	-1419.86371392	-835.312877542	250.835911936	190.852909546	-1043.52865753	1340.85121102	-1068.99169976	-1550.22130326	1120.58303081;
	1811.66498507	-148.573486398	-170.428805715	-1147.56552213	-861.424725109	599.741349751	-32.9125146406	-1205.08711623	1381.31652564	-1335.79977152	-1669.139412	1174.68954997;
	1825.15702868	-415.350948847	-706.49684816	-2080.31241273	-486.967190318	1359.15924806	185.050954122	-787.866654773	1433.27978783	-784.833556091	-1725.32069898	1065.73275908;
	1670.59227671	-724.354609566	-934.479888163	-1861.88561723	-667.221096665	1519.8596023	-120.586301065	-1146.58004367	1428.39447783	-834.419922067	-1690.11249762	1284.10021451;
	1856.18707862	-458.172709096	-796.336756218	-1831.50205042	-645.599373197	1464.04800105	-17.7166413505	-1085.36743647	1257.02182177	-958.554751082	-1778.02365836	1071.34054667;
	1705.68943839	-645.423239364	-1000.50313463	-1970.44067949	-609.735989641	1438.70168184	-39.9518767442	-969.584008333	1538.89521295	-852.286197289	-1899.34694986	1302.16559373;
	1818.80893861	-300.929357438	-850.058401596	-1920.92232278	-480.765196186	1566.43201358	-123.541389724	-647.535517649	887.655458407	-1322.12274066	-2098.92471502	916.93353528;
	1510.36571482	-461.362089369	-1025.04575519	-2139.0632726	-689.347256134	1253.71930558	125.063350644	-1178.93639091	1805.25784445	-824.443452017	-1978.68012207	1497.85704324;
	1357.80553109	-15.6087265532	280.447825682	-1121.66808924	829.863830063	1380.57331428	-414.492863305	-151.538874533	-1607.39166364	-853.169736223	-401.939115097	-74.6968304713;
	703.684094221	-8.39309814773	-401.907446988	-334.101244032	1326.36736958	939.483885377	-539.89755446	258.592415488	-1091.25927043	-281.57849774	-502.607114686	-558.759857434;
	1166.6537925	193.323222973	167.400667014	-699.297996044	1027.55736392	590.194869575	-437.535316165	273.333752146	-1071.46649714	-610.508114562	-10.4252798604	-483.739461906;
	1332.5834974	-105.326096706	458.705411816	-1076.04711046	726.296459508	1487.18324888	-188.984097323	-263.945518551	-1053.15377336	-569.260061393	-335.49786536	77.6289118865;
	1427.20681962	-46.4169421267	33.5332923956	-692.496921579	920.985446473	1049.01538902	-455.162446746	-147.512003698	-1454.39752718	-798.247230378	-880.789471031	-225.610645691;
	1215.90503898	113.587448149	-159.280442069	-782.586108622	1022.25794415	1354.25105867	-783.277256242	128.471950708	-1709.5856722	-816.730263009	-776.337330282	-611.282752162;
	958.653709888	-176.108855811	361.182118139	-780.410952337	681.910998954	1232.97512802	-294.828525246	-229.376603355	-753.725342679	-211.354812989	-79.2389013542	43.8229653874;
	1293.17193277	-141.267473349	543.773680478	-1149.26297983	553.870490894	1658.69280356	-161.656554049	-510.758782801	-1075.36828528	-588.60132033	-246.693407777	203.242289874;
	1200.63366654	-267.246685624	557.78794533	-1102.90949122	268.987474568	1611.62848657	-176.752665218	-706.729333503	-929.524586083	-578.958048186	-83.2810967903	256.03217282;
	1167.47159137	-41.6709632701	265.351285131	-1017.22997508	787.226035998	1652.82963315	-399.811431757	-195.890425433	-1383.1663479	-606.586891161	-217.211977518	-164.106932741;
	-230.578360208	-995.519861437	1104.74489234	-432.991708882	-1013.77936721	1382.00887045	1399.16180275	-591.628715982	1297.46209531	660.461203575	1041.45639114	921.538200268;
	-671.599451981	-1086.81375731	341.440755881	-180.491492727	-706.631309897	1877.19496067	140.273768895	-1114.5277813	740.663107442	73.3697590762	1193.05395473	623.90273452;
	-423.144601032	-959.230125654	1238.39961844	-186.027919361	-1078.95440436	1078.05970832	1351.77656272	-437.533193079	1308.93934591	767.444024237	1130.35785897	958.385208665;
	-497.186694701	-1022.77262283	446.441285159	-335.978963616	-661.826278693	1847.73940267	757.257487006	-1185.2393099	883.84404258	408.097552859	1185.05356852	788.618769625;
	-856.017459314	-828.144535124	821.374361864	80.4682442885	-1100.59597155	892.184697912	757.321908592	-967.487659172	1107.36198122	204.24731659	923.524985326	1144.42734944;
	-1034.40403171	-927.763369596	322.83529307	-312.07463961	-744.16175619	1411.76625478	911.297843707	-1099.05423928	1098.26210677	1044.96175602	1384.31193663	1216.03134927;
	-947.232082853	-1030.06048767	393.978894336	-263.194491092	-367.944191793	1664.90807662	849.984527418	-772.073397115	816.168702078	989.70545361	1477.40634966	776.123076486;
	-248.866124331	-1081.76849052	1210.86196056	19.9672819451	-1326.06596095	1091.48065461	1187.28378864	-1064.63756852	1381.76536488	181.259589374	839.044004576	1170.1837981;
	-559.004056526	-902.205966783	265.962395608	-415.5685103	-772.832974352	1773.49147747	757.330974975	-1213.62117598	996.729108635	571.75966266	1165.07105343	1010.87889635;
	-719.531469709	-1065.53992156	407.341815071	-509.682047977	-618.819765683	1791.35348523	1233.16886074	-693.277406909	843.709203226	986.754718448	1221.6036409	891.03938648;
	827.889096604	-474.906857933	-27.5417410036	519.465162985	-1318.87782709	355.526527473	-997.357523483	-646.547097158	244.298744165	-1828.70844265	-598.342166351	-262.798628414;
	580.564124208	-350.598997598	-607.540841544	302.531827351	-824.037189193	292.989025912	-1110.65460699	-282.958297354	-157.28001933	-1715.11622594	-811.31704542	-320.316429332;
	571.081758741	-564.006473472	160.004163834	721.84196556	-1339.52334132	81.2711988358	-745.604571924	-1129.23597107	528.963822496	-1566.68509568	-386.603616223	178.149381401;
	620.630316905	-394.646084819	-17.4770712224	670.242977284	-1235.6318892	133.597070763	-1024.35368372	-563.994987511	46.5057333988	-1742.66017402	-441.411020101	-263.306836681;
	603.536607072	-809.042266584	-133.825759516	376.199675345	-1081.1690031	448.096874273	-510.011980879	-900.839520152	337.879801422	-1245.09651754	-243.334845268	-183.057697619;
	1059.49110278	-323.778545164	-442.616377899	205.959942162	-975.879578889	546.281763439	-1123.8162967	-377.725688237	-159.767586975	-2125.4840945	-876.434273663	-558.228816166;
	562.470984122	-958.285078268	-495.987567629	99.4633552729	-1294.02762449	562.486690512	-801.496898157	-878.999091222	808.328773682	-1160.67699666	-288.704649571	148.975527819;
	405.41241183	-1001.43618562	-541.122427408	267.219244872	-1367.87688675	151.997081138	-682.023424654	-1063.75681381	1078.12205776	-1099.38762813	-473.67311784	381.063339154;
	698.312045775	-958.760143137	-117.983175023	304.320376766	-1079.62028711	663.000273473	-255.833216769	-1281.42338572	981.40485651	-990.096847595	-289.908565376	379.615784741;
	1123.33260765	-632.783605778	-54.1960080447	171.379532337	-1198.73134718	800.569159622	-890.840470254	-1037.7096124	593.763707239	-1826.03674572	-612.099881689	-98.5118333834;
